 2.0  88.0   6.0  86.0  82.0  92.0  11.0  94.0  85.0  33.0  
75.0  65.0  20.0  63.0  81.0  49.0  21.0  80.0  68.0  99.0  
82.0  32.0  95.0  59.0  85.0  48.0  88.0  63.0  81.0  93.0  
77.0  75.0  63.0  37.0  80.0  77.0  23.0  92.0  39.0  32.0  
91.0  45.0  91.0  47.0  85.0  78.0  86.0  91.0  95.0   7.0  
66.0  88.0  48.0  85.0  18.0  73.0   4.0  97.0  37.0  43.0  
98.0   3.0  78.0  95.0  89.0   2.0  84.0  98.0  94.0  90.0  
95.0  98.0  84.0  24.0  35.0   9.0  28.0  85.0  90.0  88.0  
58.0  37.0  86.0  29.0  89.0  86.0  61.0  60.0  26.0  85.0  
76.0  95.0  24.0  13.0  87.0  11.0  81.0   1.0  86.0  79.0  
81.0   2.0  62.0  90.0  99.0  93.0  80.0  43.0  77.0  81.0  
51.0  48.0  54.0   6.0  34.0   5.0  41.0  24.0  85.0  76.0  
58.0  76.0  28.0  98.0  51.0  83.0  72.0  64.0  90.0  59.0  
76.0  98.0  15.0  83.0  17.0  96.0  97.0  79.0  14.0  23.0  
27.0  91.0  87.0  26.0  87.0  98.0  75.0  15.0   9.0  41.0  
84.0  92.0  84.0  89.0  19.0  34.0  76.0  38.0   2.0  69.0  
78.0  20.0  88.0  18.0  31.0  90.0  88.0  35.0  79.0   7.0  
96.0  88.0  71.0  92.0  79.0  99.0  92.0  60.0  23.0  65.0  
75.0  88.0  84.0  97.0  84.0  12.0  77.0  16.0  19.0  13.0  
95.0  63.0  79.0  24.0  80.0  63.0   4.0  27.0  14.0  48.0  
93.0  96.0  79.0  63.0  77.0  17.0  90.0  82.0  34.0  98.0  
60.0  52.0  40.0  55.0  20.0  23.0  85.0  51.0  84.0  79.0  
91.0   9.0  91.0  89.0  96.0  66.0  89.0  40.0  80.0  76.0  
20.0  42.0   9.0  32.0  47.0  77.0  78.0  61.0  25.0  97.0  
 1.0  99.0   4.0  51.0  65.0  20.0  83.0  61.0  66.0  88.0  
90.0  77.0  17.0  85.0  86.0  89.0  36.0  42.0  67.0  83.0  
91.0  16.0  90.0  90.0  52.0  82.0   3.0  80.0  86.0  64.0  
33.0  48.0  76.0  34.0   4.0  78.0  48.0  99.0  81.0  93.0  
27.0  94.0  35.0  91.0  73.0   3.0  99.0  85.0  30.0  98.0  
91.0   8.0  65.0  83.0  83.0   3.0  57.0  55.0  34.0  52.0  
59.0   6.0  79.0  98.0  12.0  74.0  81.0  80.0  21.0  89.0  
56.0  11.0  83.0  82.0  60.0  71.0  94.0  88.0  77.0  86.0  
83.0  92.0  38.0  99.0  33.0  13.0  76.0  75.0  98.0  85.0  
41.0  82.0  31.0  22.0  77.0  65.0  95.0  54.0  54.0   5.0  
82.0  82.0  69.0  43.0  75.0  26.0  79.0  78.0  75.0  85.0  
65.0  51.0  86.0  12.0   2.0  14.0  38.0  96.0  20.0  96.0  
24.0   5.0  80.0   3.0  84.0  89.0  16.0  27.0  97.0  31.0  
 0.0  39.0  81.0  91.0  85.0  76.0  79.0  26.0  26.0  98.0  
 5.0  66.0  44.0   5.0  36.0  75.0   7.0  77.0  49.0  80.0  
92.0  48.0  77.0  26.0  46.0  85.0  76.0  82.0  35.0  86.0  
17.0  48.0  46.0  75.0  61.0  90.0  77.0  77.0  76.0  76.0  
81.0  94.0  87.0  83.0  87.0  59.0  88.0  13.0  88.0  83.0  
17.0  92.0  83.0  74.0  89.0  69.0   8.0  44.0  13.0  99.0  
78.0  88.0   6.0  99.0  28.0  52.0  45.0  89.0  96.0  71.0  
76.0  69.0  61.0  29.0  91.0  78.0  53.0  89.0  66.0  45.0  
10.0  80.0  93.0  88.0  39.0  60.0  94.0  83.0  75.0  85.0  
35.0  65.0  99.0  71.0  82.0  33.0  89.0  99.0  89.0  28.0  
27.0  87.0  90.0  76.0  45.0  88.0  91.0  12.0  51.0  85.0  
73.0   1.0  85.0  84.0  76.0  96.0  42.0  71.0  29.0  88.0  
83.0  80.0  79.0  14.0  34.0  63.0  88.0  99.0  14.0  94.0  
64.0  89.0  88.0  57.0  84.0  46.0  91.0  29.0  80.0  68.0  
69.0   2.0  86.0  94.0  92.0   9.0  80.0  85.0  76.0  98.0  
45.0  75.0  15.0  43.0  61.0  88.0  97.0  96.0  74.0  28.0  
63.0  86.0  92.0  77.0  56.0  17.0  22.0  15.0  94.0  46.0  
28.0  43.0  46.0  95.0  48.0  46.0  83.0  84.0  97.0  73.0  
85.0  67.0  47.0  29.0  92.0  82.0   1.0  77.0  60.0  53.0  
98.0  75.0  96.0  85.0   6.0  57.0  98.0  53.0  25.0  22.0  
93.0  85.0  22.0  69.0  87.0  89.0  75.0  29.0  81.0  76.0  
 0.0  80.0  93.0  90.0  23.0  94.0  80.0  22.0  75.0  83.0  
97.0  99.0  75.0  94.0  15.0  49.0  69.0  78.0  91.0  46.0  
81.0  79.0  82.0  26.0  14.0  66.0  11.0  27.0  78.0  91.0  
55.0  61.0  54.0  72.0   5.0   5.0  76.0  79.0  91.0  80.0  
80.0  37.0  78.0   9.0  97.0  97.0  31.0   8.0  85.0  63.0  
 1.0  84.0  83.0  75.0  94.0  88.0  56.0  65.0  77.0  82.0  
46.0   7.0  98.0  76.0  86.0  99.0  47.0  95.0  75.0  87.0  
99.0  16.0  60.0  98.0   1.0  79.0  76.0  87.0  10.0  19.0  
77.0  86.0  62.0  94.0  89.0  79.0  79.0  81.0  39.0  27.0  
75.0  25.0  95.0  62.0  93.0  83.0  80.0  78.0  39.0  93.0  
90.0  63.0  13.0  86.0  98.0  53.0  61.0  32.0  94.0   2.0  
37.0  15.0  29.0  36.0  98.0   1.0  64.0  69.0  81.0  41.0  
31.0  39.0  22.0  33.0  69.0  23.0  99.0  26.0  95.0  84.0  
86.0  48.0  45.0  88.0  92.0  83.0  98.0  81.0  93.0  13.0  
66.0  21.0  63.0  20.0  89.0  83.0  79.0  75.0  83.0  58.0  
69.0  18.0  62.0  22.0  17.0  90.0  70.0  63.0  94.0  41.0  
51.0  95.0   7.0  96.0  95.0  96.0  42.0  79.0  35.0  99.0  
79.0  98.0  23.0  76.0  81.0  33.0  95.0  88.0  22.0  80.0  
 0.0  76.0  29.0  19.0  74.0  95.0  97.0   3.0  86.0  90.0  
21.0  92.0  91.0  21.0  23.0  90.0  88.0  79.0  44.0  80.0  
76.0  91.0  73.0  75.0  98.0  94.0  78.0  81.0  76.0  82.0  
57.0  94.0  80.0  30.0  97.0  79.0  31.0  77.0  42.0   1.0  
35.0  55.0  77.0  57.0  54.0  75.0  75.0  54.0  93.0  99.0  
79.0  94.0  88.0  47.0  59.0  94.0  51.0  78.0  91.0  22.0  
93.0  91.0  95.0  35.0  41.0  67.0  77.0  77.0   6.0  50.0  
78.0  85.0  84.0  63.0  99.0  82.0  99.0  58.0  78.0  24.0  
50.0  93.0  88.0  65.0  32.0  81.0  17.0  92.0  89.0  74.0  
97.0  73.0  23.0  32.0  94.0  61.0  80.0  82.0  80.0  83.0  
 3.0  80.0  90.0  79.0  82.0  94.0  43.0  95.0  83.0  93.0  
31.0  34.0  60.0  89.0  23.0  95.0  96.0  62.0  86.0  94.0  
89.0  82.0  83.0  85.0  33.0  85.0  88.0  19.0  74.0  86.0  
29.0  75.0  78.0  12.0  55.0  91.0  24.0  39.0  37.0  93.0  
96.0  75.0  69.0  17.0  80.0  52.0  67.0  92.0  84.0  98.0  
15.0  98.0  93.0  12.0  13.0   5.0  45.0  83.0  35.0  15.0  
54.0  80.0  67.0  88.0  70.0  39.0  75.0  47.0  50.0   7.0  
78.0  92.0  76.0  52.0  39.0  91.0  85.0  61.0  98.0  68.0  
81.0  64.0  88.0  57.0  99.0  58.0  73.0  22.0  93.0  84.0  
77.0  91.0  49.0  50.0  45.0  25.0  95.0  85.0   8.0  64.0  
45.0  25.0  81.0  24.0  87.0  82.0  48.0   1.0   0.0  97.0  
62.0  76.0  16.0  76.0  92.0  92.0  91.0  93.0   9.0  98.0  
84.0  89.0  82.0  97.0  17.0  84.0  77.0  55.0  15.0  92.0  
36.0  30.0  99.0  26.0  34.0  36.0  80.0  67.0  85.0  97.0  
